Play Together
FiveLog
150 15 -0.5
1 4
1 8
1 12
0 14
2 16
3 18 
2 22
2 26
3 28
0 30
1 32
0 34
2 36
2 40
2 44
0 46
1 48
2 50
1 52
1 55
2 58
3 60
2 62
1 64
0 66
1 68
1 72
1 76
0 78
2 80
3 82
2 86
2 90
3 92
0 94
1 96
0 98
2 100
2 104
2 108
0 110
1 112
3 114
1 118
2 118
1 122
2 122
1 125
2 125
1 132
3 132
1 136
3 136
1 140
3 140
0 142
2 142
1 144
2 146
3 146
1 150
2 150
1 154
2 154
3 156
0 158
2 160
1 162
1 164
2 164
1 168
2 168
1 172
2 172
0 174
1 176
2 178
3 178
0 180
2 180
0 183
2 183
2 186
3 188
2 190
1 192
0 194
1 196
3 196
1 200
3 200
1 204
3 204
0 206
2 206
1 208
2 210
3 210
1 214
2 214
1 218
2 218
3 220
0 222
2 224
1 226
1 228
2 228
1 232
2 232
1 236
2 236
0 238
1 240
2 242
3 242
1 246
2 246
1 249
2 249
1 252
2 252
0 260
1 260
3 263
2 264
3 266
0 268
1 268
3 271
2 272
3 274
0 276
1 276
2 278
3 279
0 280
1 280
2 282
3 283
0 284
1 286
3 286
2 288
3 288
2 290
3 290
2 292
3 292
0 295
1 296
2 296
0 298
2 300
3 300
0 303
1 304
2 304
0 306
0 308
1 310
2 311
3 311
0 312
1 314
2 315
3 315
0 316
1 318
2 318
1 320
2 320
1 322
2 322
0 323
3 324
1 325
2 326
0 327
3 328
1 329
2 330
0 331
3 332 
1 333
2 334
0 335
3 336
1 337
2 338
0 339
3 340 
1 341
2 342
0 343
3 344
1 345
2 346
0 347
3 348
1 349 
2 350
0 351
3 352
1 353
2 354
0 355
1 356
0 357
1 358
3 359
2 360
3 361
2 362
0 363
1 364
0 365
1 366
3 367
2 368
3 369
2 370
0 371
1 372
2 373 
3 374
2 375
1 376
0 377
1 378
2 379
3 380
2 381
1 382
0 383
1 384
2 385
3 386
0 388
2 388
3 392
1 396
2 396
0 398
1 400
2 402
3 402
0 406
0 408
1 410
2 411
3 412
2 414
1 416
0 418
1 420
1 424
3 424
2 426
0 428
0 430
1 430
1 432
2 432
2 434
3 434
3 438
2 440
1 442
2 444
1 446
0 448
1 450
2 452
3 456
2 460
0 462
1 466
0 470
1 472
2 472
1 474
2 474
3 475
2 476
1 478
0 480
1 482
2 486
1 488
0 490
0 492
1 492
1 494
2 494
2 496
3 496
1 498
3 498  
3 502
2 504
0 506 
3 508
2 510
1 512
2 514